-41.229548 -40.646018 -40.305928
-41.107383 -40.951853 -124.043020
-41.719512 -41.662272 -124.724753
-42.216610 -41.366222 -123.925826
-40.625371 -41.307043 -37.153814
-40.207728 -40.974216 -126.375770
-41.270055 -40.109124 -51.733421
-41.243477 -38.990185 -40.194448
-39.755163 -39.769800 -32.428726
-36.949834 -39.730751 -127.409912
-39.205158 -39.724929 -42.098579
-39.749701 -39.728234 -127.159506
-33.250442 -33.132452 -30.317745
-31.856660 -34.014084 -111.957451
-33.135094 -33.141236 -65.076120
-34.140058 -31.983638 -32.080794
-29.686436 -30.854435 -118.170594
-30.168659 -30.221507 -121.990232
-30.782695 -29.321112 -34.656763
-30.385371 -29.639885 -26.931898
-25.438221 -25.937782 -22.259406
-24.358153 -25.831746 -29.986592
-25.525852 -25.476705 -30.934103
-26.453382 -24.316801 -23.502468
-21.671235 -22.842551 -123.520605
-22.539656 -22.456914 -100.163131
-22.608509 -21.061349 -28.904909
-22.227096 -22.416408 -19.763801
-18.119721 -19.984436 -17.135894
-19.122596 -19.617986 -23.423507
-19.464720 -19.192243 -22.523224
-19.066453 -18.612121 -18.891243
-15.255404 -16.762471 -110.816318
-16.949788 -16.884210 -111.685035
-16.350194 -15.450355 -19.446225
-16.470643 -15.834996 -9.801571
-6.994764 -14.358277 -92.421330
-11.934290 -15.661355 -17.553318
-15.885788 -9.432009 -19.281259
-12.636761 -12.786697 3.710252
-0.581601 -13.153275 -102.490091
-10.768319 -12.701971 -15.137398
-12.714128 0.647432 -82.425946
-9.786475 -10.347521 15.645524
3.733327 -3.634186 -109.512308
-4.889438 -2.390904 -10.703043
-4.281539 5.069843 57.680719
28.889602 -5.014169 -62.154347
-1.970869 -1.660266 -20.416676
-4.012095 19.599256 -94.249803
-1.810106 6.422735 107.262975
50.735237 -3.858455 -58.574980
149.761907 20.791672 -2.862785
64.676207 19.614319 -61.119559
24.885589 169.798771 106.368291
64.467495 56.924794 266.493426
-30.354810 -30.733543 -24.327905
-28.774635 -30.642048 -31.660060
-30.769929 -29.990457 -98.332182
-31.275421 -27.577861 -122.046106
-22.421201 -22.713852 -17.979376
-20.342722 -23.165468 -23.234988
-22.428204 -22.739802 -119.874991
-23.627923 -20.059584 -122.485512
-19.943304 -19.944282 -19.450028
-19.940919 -19.936902 -20.328212
-19.932658 -19.937749 -100.105716
-19.935871 -19.946890 -113.777400
-39.718074 -39.732444 -126.033822
-39.738969 -39.743785 -65.774346
-39.762529 -39.755246 -127.300140
-39.773667 -39.742323 -77.424098
-23.246263 -23.244852 -126.223685
-23.241613 -23.243844 -40.921222
-23.240727 -23.249228 -126.369955
-23.248226 -23.248250 -24.088548
-16.603211 -16.597211 -125.846759
-16.599252 -16.606441 -38.552555
-16.599673 -16.603833 -119.575181
-16.605393 -16.607699 -11.825857
-11.741976 -12.131531 -119.926098
-12.222839 -12.267538 -15.871635
-12.303048 -12.118717 -119.066236
-12.179120 -12.024734 -7.947878
-7.488064 -7.427853 -10.878025
-7.299224 -7.429183 -10.266558
-7.290977 -7.835569 -91.810194
-7.623198 -7.744691 -116.892815
-1.314000 -1.440000 54.213183
-1.540170 -1.440000 -60.142881
-1.700631 -1.256691 -5.815568
-1.146000 5.571737 -28.846207
149.099181 29.312997 13.276667
39.546554 85.348324 -33.515675
14.238267 172.436451 -25.399690
106.504481 51.111504 274.655086
